1.000000000000000000e+02 8.036442478422372915e+00 8.221823745698220165e+00
1.676280902618486057e-01 6.360845206040655064e-01 5.339452820930339350e-01
1.448253547193754320e+00 7.983042414560874711e+00 1.645115632485148582e+00
2.706670151943093572e-01 7.873821601809925852e+00 8.274820910688744924e-01
1.409008929704553825e+00 5.101529658290004932e-02 2.623246074692353602e-02
7.764784729595824997e-01 1.723090589849906318e-01 1.311346615272510618e+00
7.488317393899137642e+00 8.990110477649875254e-01 3.555677065163675987e-02
1.362763733610022898e+00 1.079474331989969116e+00 9.064233877306541176e-01
6.657424971682097681e-01 4.613556397066587156e-01 8.176706532225333390e+00
1.797663130440077250e-01 5.371832853850581069e-01 2.125088730417442395e+00
1.104630936429539467e+00 1.035828764671066660e+00 2.170444613538518475e+00
1.950621531145161125e+00 5.388941521827091963e-01 1.909845461478987705e+00
7.124892059336271899e-01 1.899675338308050687e+00 1.585156734414876922e+00
1.543313121789672726e+00 2.297242020298878362e+00 2.152663206980352406e+00
1.961794495924030324e+00 9.813425383898649601e-01 8.063095259319572605e+00
2.984664163251368407e+00 8.122537722504256763e+00 7.738717456335881817e-01
3.365823734736029582e+00 9.582710592749037470e-01 1.274905149592513665e+00
2.268584222190107802e+00 9.191874681718131823e-01 7.268915461882418105e-01
1.871418529977702416e+00 2.111646858657473924e+00 3.477251495966094952e-01
3.290512837690918957e+00 1.622634844787468555e+00 6.324146260358955995e-01
1.960714448682767452e+00 1.235418494138784906e+00 2.558342590678783335e+00
2.860030111255240204e+00 1.161190101151165360e-01 1.676448268777505302e+00
2.774602328920787730e+00 2.500468376153075489e+00 1.100332918786789405e+00
4.739516551414917345e+00 9.087815433075523419e-01 5.437793229799927630e-01
4.607067554299132617e+00 7.995315134085819730e-01 1.501227515188544581e+00
5.526039003421737483e+00 2.816259670668687654e-01 1.903167629187498266e-01
4.151075230761758661e+00 1.677789046043317578e+00 1.348585802978560899e+00
4.633074664358238337e+00 2.497830585561026773e+00 1.871839598986145825e+00
5.245748081084969705e+00 2.097333656316464179e+00 6.745251746792109149e-01
2.105215030624996597e+00 1.773176370354882847e+00 1.535653862339149134e+00
4.362201787750215942e+00 8.335266435753911907e+00 1.598127399821229533e+00
4.807439601807716123e+00 1.417210282633335483e+00 2.443315890748851693e+00
5.751959012360919665e+00 4.372053414057403553e-01 1.302392569526063637e+00
6.331480290031977987e+00 7.937385507046451849e+00 5.432222644551051305e-01
6.075344766526236562e+00 7.960633181903967959e+00 7.916363989349217256e+00
6.153135170256346598e+00 2.299962979316513501e+00 1.620791473786432180e+00
7.057211179767736375e+00 2.253357363951856929e+00 1.112495469972769158e+00
8.131212060585355061e+00 2.509113546563845887e+00 8.158894830089854722e+00
5.241213000089612883e+00 8.334864469898652928e+00 2.138687135010245211e+00
6.704522345191222144e+00 3.875772128724899179e-01 1.427824613351205363e+00
7.051989461679578852e+00 1.146065255072736377e+00 1.864061801940940288e+00
7.538868296268918634e+00 9.330804693055799737e-02 7.398389773844047390e-01
7.686053104113931944e+00 4.363564017311000742e-01 2.084824480196264762e+00
6.972603221846412680e+00 1.262642283390040587e+00 7.752831330632641293e-01
8.170552778475403954e+00 1.797534068095538062e+00 2.701969113801971911e+00
8.199401347798051631e+00 1.560251725133652290e+00 4.056011403758528200e-01
7.959401261300333097e+00 1.033416713020989697e+00 1.372284041718799585e+00
1.833023332003271610e+00 2.721787906087055564e+00 1.093926411754335248e+00
8.257016437955099875e+00 5.002100049969746109e+00 7.649524622705531129e+00
5.126827467395569382e-01 2.641874333361855509e+00 4.972667827839597487e-01
1.231498888361136634e+00 3.400678986953796556e+00 1.288611422419128627e-01
4.428805087862976997e-01 3.340228764389201466e+00 1.105632549064476944e+00
3.204921842101375873e-01 2.816008635341862298e+00 1.982131317904440859e+00
2.347717222596173325e+00 3.575112752224610890e+00 1.410570380195081741e+00
1.583532149825429780e+00 1.800554658799416341e+00 7.631451810964848370e+00
2.346683148019195198e+00 2.931271438146402897e+00 1.095526967028181559e-01
3.241700969755829220e+00 3.449239926891130903e+00 4.346659235404473631e-01
2.890468977663325223e+00 2.589034115901733824e+00 7.903319814137410582e+00
2.676693556343848091e+00 2.259438239340287424e+00 2.276782082641324756e+00
2.879778559049793962e+00 3.661404799648091846e+00 2.166687220836083672e+00
3.700791057832908404e+00 2.653138255959842429e+00 2.934093462456566215e-02
4.506426689446995759e+00 3.480906821146763086e+00 8.708792994566736390e-01
4.406052105808504038e+00 2.420171024104192270e+00 9.347760622804416331e-01
5.035021954872882510e+00 3.650194136311924797e+00 7.056402123007504024e+00
3.799240221216416025e+00 3.266911827790800693e+00 1.582551689005627704e+00
5.435513094455430405e+00 2.861198564498775632e+00 1.536602049153689364e+00
6.548427943721801370e+00 2.967645185785116713e+00 8.351021134309818961e-02
6.899746465210645496e+00 3.314593959630701914e+00 1.330082462586369640e+00
5.801768298216387620e+00 3.087464887920846390e+00 7.211832194966680820e-01
7.433175779317149789e+00 4.202805966781554936e+00 7.219221091241369237e+00
5.587819598618957606e+00 2.153482949754185416e+00 2.393311594648205531e+00
6.229887095347121928e+00 3.315182781362697284e+00 2.437984247989230191e+00
6.941721518027166304e+00 3.796882292664423897e+00 8.188790803272874896e+00
7.824928375374001988e+00 2.927196166163296365e+00 8.264767005452633430e-01
8.137771870398218255e+00 2.149559687746295911e+00 1.396592706414187202e+00
1.779520853119749280e+00 4.414348604917566199e+00 7.861147720474181533e+00
7.794551658173721975e+00 5.055849428150188452e+00 6.606199212237234830e-01
1.375402610549738336e+00 3.556646242091132670e+00 1.286624343115888136e+00
1.916797066087011780e-01 5.882276005432522936e+00 8.395201631023253341e+00
6.558710164234209383e-01 4.735851547061991518e+00 8.072349721002927581e+00
1.790016889716232074e+00 5.600598309263484786e+00 4.627862637269188339e-01
8.340922769246587265e+00 4.292900308729871384e+00 1.005635770570471932e+00
1.907554022901188640e-01 4.869571996058059682e+00 1.982894978008199915e+00
2.480058928168139332e+00 5.671777478662642480e+00 1.228736789558698250e+00
2.192278523610056595e+00 4.768188057284491244e+00 1.411697007294072215e+00
2.462269801502587008e+00 3.876132778879048946e+00 8.030482532185253319e+00
3.038914514295762981e+00 4.643431515564142131e+00 8.182807936128593251e-01
3.561420157844650713e+00 5.150662850217495148e+00 2.179724963290031320e-02
1.528468159858142217e+00 4.264957815943779096e+00 1.825674234954623998e+00
3.374403669010139772e+00 4.419378923520262958e+00 1.738184557711673461e+00
4.120776043942126599e+00 3.503838290389233556e+00 8.137630530109770888e+00
4.801711241663376484e+00 4.706750420306932803e+00 1.001761233552428632e+00
4.185738187013329892e+00 5.309875695513214033e+00 7.784623153196692513e-01
4.288459169130864446e+00 4.739520837435629907e+00 7.741432053864438778e+00
3.982487456038189766e+00 4.419906284442769007e+00 4.715172965503806046e-01
4.660012538666157944e+00 4.914411603259143391e+00 2.341088989723731029e+00
5.495716693907964689e+00 3.880465483869059540e+00 6.385296065937605403e-02
6.300080762805340129e+00 4.448883687120551045e+00 1.823510317362024846e-01
5.820230397172911019e+00 5.220587936566808196e+00 1.310531691497685447e+00
6.550762435609736478e+00 5.084026799556491838e+00 7.961413298256484694e+00
5.566718701858389906e+00 3.936023875880454437e+00 1.143508023690037012e+00
6.883100738613092240e+00 4.371250313588206815e+00 1.279034251915151188e+00
7.502559355530983964e+00 3.768423891252299818e+00 5.844444296129742700e-01
6.767317493413680829e+00 5.166562011206759841e+00 9.993507899733441446e-01
7.658245481108396646e+00 3.974545119884834055e+00 1.884316109866897904e+00
1.272562678953732540e+00 5.453594672047640479e+00 7.534461043681202064e+00
6.262560559428480556e-01 5.304372113080135342e+00 8.332868776762712981e-01
2.782597503716425891e+00 6.703765685619106129e+00 8.132133767542194747e+00
1.164166870818439392e+00 6.263741827885742630e+00 7.909860196629836970e+00
1.184313181337823595e+00 7.766633475333945213e+00 7.326445431832967481e-01
1.914697867308993606e+00 6.887037695561491368e+00 7.895947157117463533e+00
9.525563250384260217e-01 6.305989198407341512e+00 7.059579233617955252e-01
7.174536347110997525e+00 6.030141728136614532e+00 1.214274527562031025e+00
2.054072224215738984e+00 7.775215696000943311e+00 6.894046482182461522e-02
3.456681012035227152e+00 6.045779218542269184e+00 8.349914556729586934e+00
3.895406787813401550e+00 6.184850821446612912e+00 7.932187068042350075e-01
2.496333800232337641e+00 6.717064766843529711e+00 8.267502936072738118e-01
3.886309929930355178e+00 7.094251474619057696e+00 2.651427885446278054e-01
1.609850351207296359e+00 6.526664959018394718e+00 1.377961566206476585e+00
2.375589090398544379e+00 7.115912695033115298e+00 1.722766932016479124e+00
4.141811373546810948e+00 5.828469256134106935e+00 7.709584100625122005e+00
4.848888774078003117e+00 5.562028464901371372e+00 2.413814174378481892e-01
4.614025915640030284e+00 6.525862750961731962e+00 2.785574363829566580e-01
5.093388597403923690e+00 7.033645018667751714e+00 7.645676383781273344e+00
4.128208510037424617e+00 7.172690294776120190e+00 1.437237666647950052e+00
5.170517716700812727e+00 7.269228696204461215e+00 1.843635560499399029e+00
6.124074212143479023e+00 6.149833082786669181e+00 1.327906262881456634e+00
6.701360255065569760e+00 5.373446183125965447e+00 2.085021417577702429e+00
6.192792884164222578e+00 7.160649112465771182e+00 9.391721698446079403e-01
7.243799688835898642e+00 7.824791293063380060e+00 8.114804857522495141e+00
4.782371913558164600e+00 6.344924937898091422e+00 1.213539930217891749e+00
6.937496839976568630e+00 7.349490894450339873e+00 1.555222731613590703e+00
6.763746874010778676e+00 6.602475521798734981e+00 5.629313870655185958e-01
7.351399864791543060e+00 7.324667989331585360e+00 6.006811475452377147e-01
7.714244821916662609e+00 5.247791857972255336e+00 1.633865478212991995e+00
8.199839669633000483e+00 6.576589938814443315e+00 7.577270029173822641e-01
6.359298695243305044e-01 7.112805143942265929e+00 1.215288612042235927e+00
2.027360543771578261e+00 8.227768570619840460e+00 8.814925564090311250e-01
1.369163876246992206e+00 7.291900284965431744e+00 2.126259941610079807e+00
3.196186696829325768e+00 7.540930113930991219e+00 7.821566261164057288e+00
4.218014846738792123e+00 8.357851761775210164e+00 7.041639484367179236e-01
2.079671754194006628e+00 7.974654545847926990e+00 2.335841855304594095e+00
4.952092947208935669e+00 8.267243668313165372e+00 7.638498549812510419e+00
5.374108978016014504e+00 7.552106876282820735e+00 6.262599440163438835e-01
3.408460707304990844e+00 7.850233811655888516e+00 2.002631428438732986e+00
5.910268801202022360e+00 6.551334088745692341e+00 2.064061752720807164e-01
7.946343315918773520e+00 1.700230312558517198e-01 8.006309877095718619e+00
6.173836238132204279e+00 7.777637667748809491e+00 2.021077885743508773e+00
5.572137110147501460e-02 6.947135927720592186e+00 8.267287596397089544e+00
7.405376102131161709e+00 7.940274072606638534e+00 2.185247571526390598e+00
8.946605580201432151e-01 8.324999477037509976e+00 2.558108342995413675e+00
3.160394112906652619e-01 5.071561232171797329e-01 3.222114452608988433e+00
1.894834771059352052e+00 6.163369464175455503e-01 3.458569332670416330e+00
8.816972086978080991e-01 1.774524014976821107e+00 2.700390297513094229e+00
7.911199775500831199e-01 8.280977427036491534e+00 4.078457888016987276e+00
2.270757878779809946e+00 8.240861586522315818e+00 3.790363566272215046e+00
1.235610450899228052e+00 8.079113398755520814e-01 4.430044149963384470e+00
9.920562407308831654e-01 1.138721534571506044e+00 3.604580150976768316e+00
2.216172401129823388e+00 1.583538899189224525e+00 3.516386776344247789e+00
2.692669201360001541e+00 3.587872895478385615e-01 2.758021233705629349e+00
3.024869945484633948e+00 1.289713463578820996e+00 2.475619944445951681e+00
3.041817721646038475e+00 2.085399289243107912e+00 3.160077593490481007e+00
3.429784563979779932e+00 2.409997176890491533e-01 3.510882993688734910e+00
4.179024578784327204e+00 8.281392584328894912e+00 2.574370248454122212e+00
3.141564728563680298e+00 1.583855649102384522e+00 3.923107273594777844e+00
3.900848462631347324e+00 8.906733164678118930e-01 2.316812827135237285e+00
4.936797249883818850e+00 5.951673182901809911e-01 2.941332010446530365e+00
4.361211788919445276e+00 1.971474010857693804e+00 3.044176020151598827e+00
4.491205520260930228e+00 4.343556662865830087e-01 3.762560216709980754e+00
5.412345816195612613e+00 7.808763150619116189e+00 2.993362092216480530e+00
4.226408516223171929e+00 1.560241699046007957e+00 3.897120481647494472e+00
6.165601801416820571e+00 3.829463950856195065e-01 2.465007187549197898e+00
7.131170030865256138e+00 5.290791921579421908e-01 2.823761986988099881e+00
5.667242194328036220e+00 1.172930285608662304e+00 2.009948416260013193e+00
5.932811642411033759e+00 7.345513595597531475e-01 3.227874311219080639e+00
7.181013981061481921e+00 1.248964636035410358e-01 3.818628126211166762e+00
6.481933738829438241e+00 1.545647241992458953e+00 2.715158427703230348e+00
8.043090786055856256e+00 8.374303504113228769e+00 2.800685961335699137e+00
8.020976831398170859e+00 1.017291042724395522e+00 3.180100188446236320e+00
7.155226945431521379e+00 1.153740211583230257e+00 4.753465870026193585e+00
8.267908640881305615e+00 2.719070592178360002e+00 2.867367638052810364e+00
1.669619863918135438e+00 2.511074422632649572e+00 3.026687881984872597e+00
1.840102623432962048e-01 3.907268418666975052e+00 2.138965379669228284e+00
5.344570316053619541e-01 2.382913643850514518e+00 3.488662718129456053e+00
7.845678532821689366e+00 3.125248353991643135e+00 3.701042862267174716e+00
1.672618650505310001e+00 3.290417434106479799e+00 2.177833716069700110e+00
3.633748134000206242e+00 2.388107732197212396e+00 1.960785019414132080e+00
2.712644965411375786e+00 3.111571614471972502e+00 3.158921501079064331e+00
2.409817882466076533e+00 2.514945931746719321e+00 3.958052750430415490e+00
3.458513814467011560e+00 2.635458882618707310e+00 3.941422496019950206e+00
4.803017223066364139e+00 2.921382946697779204e+00 2.760886906046119194e+00
4.337414497499278099e+00 3.726035571255974510e+00 2.198280812498208725e+00
3.692413599568115767e+00 2.856150005164807659e+00 2.893832596252810863e+00
4.909373300772253756e+00 4.108663419904322822e+00 3.057027146592690592e+00
7.390051268695002840e+00 1.982897429591159666e+00 2.248986825348231022e+00
5.361359964891096119e+00 3.700075855679687997e+00 2.214466515676414282e+00
5.392627554501220999e+00 1.619331244406406300e+00 3.372384354374748039e+00
5.604575489234035146e+00 3.473270466411293889e+00 3.340001800400878462e+00
7.325064792777623346e+00 3.089981072193821010e+00 2.125430013642010785e+00
6.411578744289901266e+00 2.419767307399604661e+00 2.941394293326226705e+00
8.079442731199041106e+00 4.384926763903383318e+00 2.998444645231375993e+00
1.358374880521099115e+00 5.271540724599062422e+00 1.913580800581722974e+00
1.035514484399994828e+00 4.498454438796499311e+00 9.967194614249581530e-01
1.276580783293616905e+00 4.258042951102344098e+00 2.685710477424185783e+00
1.835777207930312238e-01 5.101317534886104177e+00 3.218702803052681194e+00
2.549661510336133752e+00 5.195109355495667991e+00 3.736162602859439463e+00
2.260492694295178406e+00 4.089595601146009507e+00 2.861483125965847307e+00
3.443305694133180772e+00 5.444291150458331785e+00 1.795575241011968526e+00
3.185414168700977822e+00 3.766940981236871266e+00 3.719276677974629131e+00
3.084282032825760300e+00 4.501042016579805072e+00 3.268864765758651370e+00
5.553426186515039831e+00 4.650542004498412929e+00 2.068868581182905952e+00
3.812585634010541291e+00 4.376786813883625449e+00 2.797450236636685794e+00
4.098712344241699945e+00 3.543868106178921007e+00 3.429451102517525829e+00
5.292634901786669843e+00 5.584150680836662772e+00 2.953910952299577897e+00
7.126640826981871513e+00 3.605411457939933229e+00 2.926204888205164778e+00
5.327253230558687491e+00 5.948707049748003683e+00 1.979424712943870679e+00
6.070221725388893041e+00 4.454135699273853888e+00 2.965223490340692436e+00
6.226878660173038149e+00 4.917626789298478407e+00 3.946955508056158024e+00
7.161843349429141803e+00 5.019310209336280693e+00 2.850160537079852840e+00
6.898669118698132152e+00 4.344006999344749431e+00 3.871785231017533135e+00
3.646053280849822498e-01 5.997273962492992716e+00 3.765296728033451945e+00
2.062498819496744407e+00 5.773374080500532024e+00 2.292606995798048164e+00
7.923270891921042391e+00 6.497177435085580655e+00 1.638154715469820610e+00
9.109067979104978896e-01 5.565735131557594251e+00 2.786118686537154332e+00
7.937005276803885678e+00 5.676981582044086316e+00 2.302858713008697045e+00
4.399394881778048716e-01 6.116081862200904773e+00 1.414539960808574248e+00
2.808416085667261086e+00 6.452403229371476812e+00 2.094667911147017669e+00
2.178220995730621556e+00 6.940201760995567071e+00 2.754896665958086466e+00
2.500890763428745611e+00 4.861501820017046782e+00 2.387216348334207705e+00
3.015199480067216609e+00 5.687217093557477732e+00 2.688013576807461558e+00
5.072756473626123253e+00 6.469806326920447326e+00 2.727299577524361585e+00
3.984120709489163303e+00 6.142995563334855191e+00 1.859991110047259921e+00
4.393754315937814958e+00 5.764385188455725562e+00 2.821294699276756468e+00
4.765388393982806114e+00 6.709848117506163945e+00 3.986528148122531867e+00
5.961844267410904230e+00 6.921799603664713807e+00 1.913600647639503327e+00
6.697666007102177410e+00 7.073218270832329679e+00 2.572948117298961446e+00
6.141177409944720722e+00 5.962619160377199634e+00 2.705923408901113714e+00
7.097539736548849731e+00 6.094081550321899243e+00 2.513230774645911048e+00
7.250135051744877046e-03 7.857654259868160906e+00 1.872557368360010521e+00
7.639206255549932045e+00 5.463034564946709359e+00 3.568731925414820871e+00
1.616593403243857252e-01 7.206467599929864853e+00 2.601073460346425392e+00
1.203999092119046654e+00 6.548032724493503487e+00 2.792264140194685051e+00
1.643901728775569060e+00 7.959047707019750284e+00 4.680691535941447157e+00
2.984374596289752102e+00 7.733712361559978099e+00 3.165987151780513376e+00
2.634309541623005124e+00 8.005514580721106555e+00 4.571957422918972114e+00
5.757904525552826946e+00 8.125073755338791059e+00 3.963265451430026065e+00
4.482910158491979935e+00 7.312261679752352528e+00 2.512375457701602421e+00
7.541444254078458975e+00 6.978850262428799134e+00 2.492760543604997547e+00
6.577953367084787395e+00 7.897229070826790931e+00 3.105952852690192056e+00
7.879146397085829534e+00 6.810327276082994707e+00 3.391731772104538578e+00
7.977430796744053865e+00 4.799580356845073448e-01 4.108581441563726067e+00
2.500234141479354411e-01 8.370558010829941553e-01 5.202629225540510660e+00
1.254196259622109677e+00 7.558909586266103764e-01 5.385048961642462828e+00
8.047041675788241255e-01 1.663191404347832858e+00 4.842020984878625534e+00
6.676884907918814172e+00 1.417678731946128146e-01 5.423020387615268945e+00
4.940493794461496280e-01 1.410956075294346190e-01 5.893081287629586384e+00
1.372051678285657550e+00 7.931789598489189963e+00 5.559498981463572242e+00
7.914842398353910902e+00 2.218466395039172756e+00 6.159867307753452259e+00
4.804677797048301779e-01 2.897310062003616071e+00 5.396929123267750761e+00
2.423200571344725329e+00 5.938915021429053143e-01 4.531640652961249849e+00
3.193462904745857589e+00 1.008093146857893307e+00 5.378651048156028125e+00
2.075244747150319480e+00 1.466668533716705136e+00 4.486183153952765679e+00
2.314429155301724439e+00 9.012253882595872012e-01 6.030825516324397562e+00
4.000712554593911285e+00 6.488769843814217175e-01 5.664201961085503889e+00
4.018282389850570624e+00 1.146285878931890378e+00 4.908290147095659250e+00
3.576160772254573406e+00 3.997937882058848480e-01 4.369113120083072843e+00
5.810263269751813731e+00 2.226926145369464649e+00 4.392990508422821350e+00
4.686831285657317103e+00 2.245181618745502927e+00 4.349183649374916527e+00
5.011174937855968459e+00 4.205276195949203544e-01 4.774153052447485557e+00
4.557274907336633873e+00 7.506940548888148435e+00 3.482704843257798277e+00
5.315650272000537413e+00 2.264836073541129924e+00 6.490218381802176140e+00
6.446222816656702825e+00 1.614508665774354867e-01 4.457072903437622635e+00
5.771913702335335294e+00 4.753043037530602088e-01 5.172318283574096398e+00
6.311024875209993112e+00 9.120044928105959237e-01 4.053346071657222716e+00
5.128943618529648418e+00 1.133154208273573049e+00 3.948273810004595319e+00
6.411313186976886236e+00 7.657409896049749420e+00 4.865036938749435436e+00
6.896320874325550854e+00 2.027863163105214639e+00 6.661390821243143634e+00
7.306595201277110263e+00 8.107998221933387484e+00 4.660584817423797155e+00
8.058789459992469872e+00 1.534296148791972847e+00 5.131633609452140199e+00
6.167535640824494791e+00 1.454272487444062678e+00 4.953338951331495821e+00
2.557476637587878798e-01 2.738425644048506857e+00 4.424742486399035890e+00
1.362151891118463576e+00 2.578535158198331789e+00 3.992314014502055475e+00
5.847069552047905461e-01 3.398534359950482031e+00 2.935345631247159304e+00
8.308096368495021533e-01 4.113615291606340207e+00 3.763096308083251351e+00
7.871800488083781744e+00 4.424694192441207541e+00 3.836544826694700649e+00
1.387636169099864203e+00 3.612256678224079476e+00 4.988738492100313060e+00
3.919889887015899799e+00 2.167479784939534415e+00 4.840355820449810942e+00
2.794227001250634945e+00 2.903520812373880045e+00 4.916846351942234072e+00
1.646144620602759678e+00 2.413104183006979486e+00 5.003357515598970018e+00
3.690720526431372051e+00 3.546160476583866572e+00 5.147155881603868721e+00
4.996503044271887184e+00 2.558979633446934798e+00 3.461740472462460527e+00
4.266624123175758676e+00 3.359690557463045568e+00 4.301638524992807078e+00
4.708971625373101766e+00 3.107630206994157263e+00 5.130879462650865364e+00
6.292694946115196863e+00 2.313550135042701683e+00 5.646726498427796059e+00
7.436300053647073582e+00 1.812530915043438107e+00 3.195924004119638617e+00
5.861128566410698681e+00 3.104434621727787835e+00 4.390514977867362667e+00
6.363735269415685458e+00 1.791471565551988387e+00 3.708040515238206769e+00
6.809537010352953779e+00 2.444119250141642663e+00 4.701143221690182727e+00
7.047153560325144284e+00 3.480223181408479860e+00 4.318034573103687102e+00
7.661415720178551325e+00 2.480610399148889478e+00 4.281190977287983479e+00
7.337857986636872276e+00 5.257970725221680297e+00 4.415567593938386715e+00
2.000611860586079427e+00 3.587567267278720440e+00 4.000308370821557880e+00
1.684590921300817001e+00 4.442009907612473718e+00 4.332163158021423044e+00
9.065367944277503698e-01 4.366684584704336736e+00 4.909328912576976123e+00
1.715287793251139004e+00 5.105576429627766366e+00 3.503979302311796218e+00
1.776784278966504038e+00 4.452035344925725724e+00 5.355876238193055805e+00
4.140233290084048612e+00 4.410301457846443007e+00 3.861985735185873736e+00
1.711881144724334947e+00 5.259260665187999173e+00 4.592360729635124095e+00
3.110001292923867400e+00 4.286368212178510717e+00 5.655755228714948402e+00
3.237231564499297054e+00 5.375737098273745573e+00 4.345159137159535057e+00
5.220641950259902409e+00 4.781431843051476172e+00 3.635455351778148270e+00
3.760633484306930452e+00 6.438052071300956136e+00 4.166771568859803487e+00
3.904537369951907255e+00 4.552601679202267881e+00 4.974352234810228701e+00
4.368003066823725078e+00 5.376158553827188769e+00 5.289778169851552470e+00
6.109202503331046863e+00 4.031657173615736944e+00 4.425327991237249847e+00
5.740046960247266128e+00 5.060578275962109629e+00 4.730558151121822874e+00
5.455541233955253588e+00 4.123643472355109196e+00 5.181130671936580612e+00
6.522506049413907547e+00 5.376094632346314128e+00 5.655350493454545990e+00
6.714968710158788490e+00 5.960154864576729494e+00 4.663514067502606331e+00
7.760348386776018792e+00 3.171114016797435209e+00 4.936219177356909960e+00
4.541397537845455190e-01 5.122630641313556055e+00 4.179370222781432886e+00
1.224531170582149331e+00 5.870714359378787606e+00 4.079268080226990278e+00
7.760797352811731331e-01 7.549250903937156920e+00 3.212516112311076366e+00
3.996860307959051450e-01 5.212104520090449000e+00 5.227289948090575677e+00
7.950886064958183397e+00 6.638960121873994424e+00 5.468268786460426689e+00
1.308718303942038474e+00 7.056261951988934911e+00 4.551947122047121042e+00
2.125131496290489252e+00 5.991822534518917998e+00 3.147236381905468505e+00
3.008942720473805732e+00 6.370365855466987526e+00 3.462548408052601445e+00
2.182324133480047834e+00 6.689391037567578024e+00 4.436232917639677531e+00
3.967887595925291055e+00 7.188758935657701521e+00 4.623855322226384068e+00
4.462105505459719623e+00 5.661755085994903069e+00 3.752010083483922731e+00
3.990451839568097903e+00 6.552231386921195444e+00 2.799031343110972347e+00
4.389194920163291158e+00 6.389369639073518847e+00 5.093054747298818796e+00
5.176324927008179699e+00 7.616281307044416415e+00 5.578082470083773003e+00
6.592950547709303777e+00 6.189645176541742622e+00 3.705030557600922592e+00
6.791925878705680653e+00 7.057581955623016157e+00 3.770819716252472364e+00
5.538235631495368239e+00 5.940986919843195047e+00 3.828781075980688620e+00
5.925439645709915659e+00 6.259594768487890981e+00 5.959413054393867704e+00
7.880727253032290491e+00 6.217419667333419220e+00 4.162457790695525794e+00
7.712072928952999895e+00 5.777689434108329358e+00 5.028830521898242978e+00
8.292117445341686377e+00 7.563862671701341078e+00 4.152545251138370475e+00
1.615852902710641414e+00 6.914367684649727508e+00 3.529645309260214248e+00
5.591502000440867759e-01 7.912059175695821622e+00 4.887924626193278499e+00
3.580906530491119621e+00 7.478333209787422220e+00 3.828826919701041831e+00
2.719203733554896196e+00 6.092784399422690456e-02 5.400260938431360458e+00
5.730663107009402069e+00 6.876840897228758465e+00 4.345523656809276325e+00
4.491638379612760801e+00 8.011637993459075346e+00 4.600539220121927286e+00
7.394161051946210428e+00 7.058144820829092225e+00 4.430608598934045794e+00
5.414098842580940207e+00 7.989009382352897148e+00 4.783397527541238148e+00
7.945534086673906593e+00 1.701610093847178568e-02 5.302470801473861961e+00
2.249858000251593548e+00 7.555863912096945079e+00 6.166699819748254541e+00
7.547713382188474540e+00 8.540193580997602618e-01 5.799225900650466059e+00
1.574542733661569827e+00 9.249435896505167065e-01 6.953302339892692530e+00
4.308638739643620985e-01 1.570535073791599290e+00 6.133001085986637513e+00
4.491358435387565740e-01 7.860304945168937962e+00 6.817979021406993745e+00
1.462735180424438841e+00 8.094767216970796042e+00 6.506483142969003097e+00
2.300953991840072987e+00 2.729563383053535963e-01 7.508201688022285936e+00
8.094435209628795036e+00 1.265722253237729467e+00 6.595462934571195035e+00
8.205050935365271192e-01 1.405638693714897247e+00 7.132903198372098963e+00
3.180343901071446044e+00 4.172970576286594846e-01 6.516646437071646147e+00
4.753032932003656619e+00 2.284950057645358523e-01 6.862933669042745599e+00
2.725997532434875303e+00 1.895704556130195728e+00 5.097478745192022487e+00
3.457156414144988865e+00 1.581464518269569464e+00 6.246975923345333470e+00
3.251898975595546304e+00 2.809598867696055380e-01 7.422095699670364866e+00
4.164878157518957735e+00 8.830884020311828841e-01 7.156573848639228075e+00
3.590869861490802784e+00 8.004645030800331185e+00 4.966718331436553058e+00
5.207774440471781396e+00 4.815573645327518304e-01 5.881810021621391549e+00
4.146215603458379029e+00 2.028274298708407919e+00 6.709626448064219595e+00
5.031535614663989797e+00 1.385475767407725378e+00 5.093311075457303438e+00
4.916783638267957279e+00 1.204502448435330386e+00 6.746021437511031671e+00
6.152583830603964188e+00 1.223844688650344903e+00 8.366645929989038777e+00
5.329083681153670149e+00 7.801048960635871055e+00 6.557975983094936012e+00
6.543843425346605791e+00 5.642558645907232995e-01 6.141630014887655697e+00
5.841883298779090516e+00 1.304928394865621843e+00 5.917714910919007032e+00
5.960560930522674106e+00 2.198956765177729200e-01 6.903212392448744517e+00
6.386572967509121845e+00 7.776398502420255987e+00 6.065860956210740618e+00
6.825843611583871429e+00 1.687964415753637981e+00 7.649604879992966566e+00
7.698352071803491903e+00 7.625869254063620595e+00 6.353530628940204039e+00
7.261158268728912013e+00 1.833159782835466878e+00 5.617743418710537284e+00
7.868234173293589429e+00 4.290250199665438524e-01 6.563354915140353185e+00
8.301186775079289148e+00 3.485530016481180660e+00 5.785312846669393494e+00
1.209707136289919438e+00 2.279572174088796199e+00 5.782611239887773813e+00
1.284716178155667077e+00 3.402592313068288910e+00 6.002058106862198983e+00
3.604507118447068947e-01 2.864408668538253266e+00 6.272102602742893218e+00
7.714237924680298342e+00 3.294408017304192082e+00 6.477804724117243396e+00
1.306952990681399474e+00 2.243907043285933600e+00 6.688760015407539505e+00
3.163384743142997557e+00 2.884621105449632683e+00 5.772683791014458166e+00
2.265619756811994012e+00 2.553274772829586592e+00 5.653733458910867427e+00
3.311420007775689456e+00 2.665704768516257150e+00 6.634544822598839708e+00
3.511613708336876361e+00 3.353968786172718985e+00 7.301578151518215876e+00
4.279241939828986929e+00 3.004414278742741473e+00 6.686639509358599298e+00
3.811115979390479414e+00 3.651176738929972299e+00 6.127462132581264598e+00
4.142635743172421670e+00 2.276388105638912140e+00 7.640571139245960097e+00
5.247489739564715094e+00 2.576211744911008239e+00 7.374870252384751801e+00
6.340804709597703592e+00 3.210842350138506163e+00 6.072339894318211861e+00
5.235668476564761420e+00 3.383258284151656081e+00 5.919245965269458232e+00
6.532067508025205527e+00 2.800566616079278148e+00 6.953603577457796447e+00
6.827373847730199508e+00 3.757990933304647285e+00 6.611063750091916269e+00
7.057432388768783760e+00 2.875374989921634761e+00 5.583460407891458921e+00
7.571154288613728411e+00 2.400905491873243758e+00 6.998988208803039512e+00
8.291764361693546803e+00 4.049053570917749312e+00 4.821136893752360209e+00
2.617281019946803067e+00 4.199826511427922071e+00 4.664633963477380796e+00
4.844913061106072560e-01 4.521834680795373096e+00 5.872705399699850837e+00
9.620675874013955298e-01 3.464898334160109172e+00 7.188512684149660714e+00
8.191439460700452813e+00 4.764593899341619476e+00 6.511777479747278718e+00
1.590048290155359423e+00 4.576402551568786059e+00 6.271990291403929163e+00
2.398603506644689354e+00 3.638280159557443216e+00 5.945562729012462633e+00
2.645509590098044317e+00 5.047570404799982313e+00 5.349580081586257307e+00
1.809164322159962923e+00 3.633077603175920878e+00 6.765542012295866492e+00
3.045075162292586235e+00 5.043949229371565757e+00 6.273774974111905323e+00
4.472831544489676681e+00 4.300403576427808794e+00 5.719108253197030756e+00
3.538730876271084291e+00 5.923181553653519948e+00 5.583880429079401075e+00
3.951701646140612922e+00 4.446635738620412504e+00 6.820349902758151117e+00
5.087438154974996962e+00 5.378038982520469524e+00 5.952592406610291320e+00
7.033239972197168122e+00 4.345682350346116607e+00 4.878200742334263929e+00
6.614069561419102961e+00 4.383210065467759264e+00 5.668753730885367936e+00
5.833744041033361860e+00 3.642499572449310552e+00 6.626417952011185442e+00
6.394082217324472239e+00 4.472815024207350554e+00 6.846041698174709644e+00
7.945165977288573878e+00 5.148332171104889277e+00 5.616511787688433621e+00
7.689813181371452089e+00 4.225309740636551403e+00 5.785087050116533902e+00
7.382566574666948434e+00 6.087388798663058154e+00 5.924242623141330100e+00
1.656488612658729265e+00 5.988688130277975752e+00 5.441378866682795135e+00
6.439061378500460231e-01 6.317269251906662220e+00 5.253264766806093000e+00
1.086592593851520849e+00 5.292957048913256912e+00 6.153545216740117674e+00
1.397752588103493565e-01 6.076981570223285445e+00 6.112111507724812043e+00
1.399845113369055039e+00 6.188673686779615934e+00 6.801165086122868964e+00
3.410876416745491468e+00 6.551443855226271040e+00 6.293771062896607482e+00
2.367212960925265453e+00 7.339322071403040049e+00 5.262346661272231607e+00
2.908013594064909224e+00 5.520446007882975792e+00 7.152834578966547063e+00
2.401843787319741796e+00 5.818662017682922460e+00 6.253016837999822108e+00
5.748237740357219572e+00 6.107624658997655942e+00 4.883714266244056468e+00
4.057280616193302158e+00 7.113521543189926355e+00 5.723246797728367419e+00
4.139767074367505018e+00 5.672746768390763528e+00 6.258788840549377674e+00
5.093552144473760812e+00 6.367270547020477345e+00 6.128213170665140375e+00
6.803389563704640430e+00 5.746489906517882496e+00 6.906787954997416712e+00
6.128800396197984668e+00 6.814483800883968101e+00 6.632580549154148741e+00
6.006557196848745228e+00 5.479483697971640588e+00 6.514621913280524090e+00
7.271432369735741474e+00 6.814589729370417182e+00 7.616502376339490787e+00
7.067679241106628041e+00 6.762125775214293810e+00 6.478608572611801009e+00
7.242484431852623139e+00 5.020504695018352059e+00 6.344029517597919998e+00
1.626574203147493070e-01 7.316409955108040819e+00 5.653920863917691442e+00
1.220167766129978570e+00 7.011038218580302406e+00 5.721602838298728066e+00
1.097142502934680852e+00 7.228259161062635663e+00 6.727761128203075813e+00
2.740614104940956253e+00 6.394163359510133482e+00 5.049331629107944863e+00
2.935328367122085780e+00 7.731547922619505187e+00 6.975858147942271437e+00
4.477054003509333135e+00 8.272132706363530374e+00 5.791611243146761900e+00
3.983127670778400020e+00 8.180794206359827569e+00 7.798795816957663440e+00
7.122392653617842129e+00 7.087969766068261457e+00 5.640977641317615365e+00
6.953911018041388559e+00 8.258727554160529394e+00 6.636742662160908246e+00
8.385535697440536396e+00 7.029345721147080006e+00 6.533635591063229775e+00
1.053914797192601949e+00 1.994695426272983796e-01 7.388707815607384433e+00
2.366439474686849731e-01 5.677109452968922554e-01 7.225809934177249261e+00
3.032060991289661001e+00 1.193310622571488233e+00 7.064951916761962103e+00
8.066478117704832584e+00 1.758714839896929227e+00 7.530729203461464571e+00
2.776083868342585692e+00 4.354952624155956076e-01 2.231588950844454189e-02
3.606975745491888485e+00 7.614032936178053435e-01 8.135435601133988115e+00
1.497426885921702144e+00 1.378367116231829614e+00 6.158503019596927253e+00
4.481891688773779414e+00 4.706434766768053390e-01 8.176788142742468679e+00
5.442411199230287266e+00 5.945320735862873462e-01 7.483784865818612353e+00
5.767169254499789233e+00 1.587482296893939049e+00 7.427834646173424815e+00
6.717409807851213444e+00 3.451540298815269914e-01 7.474689728236970865e+00
6.684533435815965596e+00 2.972639565708511400e-01 1.385360062661040448e-01
7.367925512281927602e+00 1.936685229490690219e+00 7.781615868490125709e-02
7.500584105530833767e+00 9.139153457009450143e-01 7.492686944907594793e+00
7.166761951786388529e+00 1.223270393353184771e+00 6.637724753781121478e+00
4.782546051653322472e-01 2.717896697135100847e+00 7.415338032139254132e+00
9.957846464999706715e-01 2.371421079878749172e+00 8.146331126735194772e+00
3.381089791093210839e-01 3.571267341447399879e+00 7.941435367345978769e+00
2.653546132278747027e+00 1.780821029155762680e+00 8.344836995542451064e+00
2.429316904172095892e+00 1.984159859777866020e+00 7.104489346792300708e+00
4.709541633082780621e+00 1.337708124897908135e+00 7.926761855062023798e+00
4.791821297157354387e+00 2.669930581568888073e+00 8.255343095757828209e+00
7.128265656170206910e+00 2.787849530919938257e+00 7.843898748194774839e+00
5.700148277591670087e+00 3.135672233087950733e+00 7.984435069905620352e+00
7.813448306631011420e+00 3.398197329066336092e+00 7.828283803313739853e+00
1.607729891770226516e-01 3.736079438841262146e+00 6.906910722127850732e+00
2.016885228226902083e+00 2.896824458521412016e+00 7.334528891137341411e+00
9.317159541902531039e-01 4.553661595526512507e+00 7.239791496574762064e+00
2.900325756042225311e+00 4.169967603875054607e+00 6.882641494535238103e+00
2.495613876140522880e+00 5.173263863661829554e+00 8.197878599948015932e+00
5.481846934854827325e+00 4.490378352828083841e+00 6.469616935546097736e+00
3.354503652812500736e+00 4.628113480816353764e+00 7.689293276617852335e+00
5.466550961758886551e+00 4.769003112993817517e+00 7.722576293857821739e+00
5.759950478265918328e+00 5.301269732485476283e+00 1.893389496628627433e-01
7.601495309418471180e+00 5.659485285862782433e+00 7.511685922764242740e+00
3.711168701890195099e-01 5.380168342886624266e+00 6.979941376320127233e+00
1.916332555411071725e+00 5.268444116033847102e+00 6.850538483104201326e+00
4.673199691500273811e-01 6.367621044307261613e+00 7.215514702869561425e+00
3.843498027781616422e+00 6.851960588941433450e+00 7.497998438446160208e+00
2.671435570632049838e+00 6.560915839688987283e+00 7.051571879987184488e+00
4.997612791478260874e+00 5.370677288732108146e+00 6.877717611450114177e+00
4.578817923556052882e+00 7.814158257579221001e+00 1.397171857064462633e-02
7.444011323487186971e+00 6.254823432470044686e+00 8.293273499541042426e+00
5.287028988913129446e+00 5.960861820697479274e+00 7.859998436764779939e+00
7.795287603979180524e+00 6.294162954923066877e+00 6.865642194727446856e+00
8.692002763222204109e-01 7.446988923091257817e+00 7.658892061191540535e+00
2.045639858543782275e+00 7.694238084675823153e+00 7.294102088362247827e+00
3.953483847421483066e+00 7.870506422523984469e+00 6.713569170619775761e+00
6.268874086933008627e+00 7.117126159609274083e+00 7.542454432876137815e+00
7.895643780246978771e+00 7.539741144203699008e+00 7.420900438707801250e+00
